# Searching for station nr 16239 in v2.temperature.inv
# ROMA CIAMPINO       ITALY     (ITALY)
# coordinates:  41.80N,   12.60E,  129m
# WMO station code: 16239 ROMA_CIAMPINO                 
# institution :: NOAA/NCEI
# source_url :: https://www.ncdc.noaa.gov/ghcnm/v2.php
# contact_email :: NCDC.GHCNM@noaa.gov.
# retrieved :: Fri Dec 14 16:24:48 CET 2018
# references :: Peterson, T.C., and R.S. Vose, 1997: An overview of the Global Historical Climatology Network temperature database.Bulletin of the American Meteorological Society, 78 (12), 2837-2849
# station_name :: ROMA_CIAMPINO
# station_country :: ITALY
# station_code :: 16239
# latitude ::   41.80 degrees_north
# longitude ::   12.60 degrees_east
# elevation ::      129 m
# climexp_url :: https://climexp.knmi.nl/getprcpall.cgi?WMO=16239
# prcp from v2.prcp [mm/month]
 1782   33.0  107.8   22.8  126.4   27.3   42.9    8.6    0.4   41.2  176.7  133.1   52.3
 1783   94.9   96.0   64.5   56.4   69.4   65.8    8.0    6.6   71.9  122.3   16.0  140.6
 1784  162.9  134.4   71.9   51.7   40.9   45.3    6.1    3.8   17.0  308.3  103.2  181.2
 1785   66.3   88.3   48.4   63.2   10.9   15.2    5.1    2.7    0.0   68.0  149.3  175.5
 1786  121.1   48.0   55.3   83.2   31.7   35.7   11.0   12.4    5.4   35.2  127.5   78.3
 1787   43.3   40.6   92.7   61.5  126.4   33.6    6.7    0.0   29.8   55.7  126.0   44.9
 1788   78.5   61.5  199.0   23.4   47.6   27.9    1.8   17.6   52.0   62.9  124.3  154.0
 1789   34.6   58.9  173.8   18.6   91.5   12.0   29.9   50.0   16.9  205.0  161.9   57.6
 1790   52.9   10.9   30.9   65.1   32.3   75.4    4.2   69.4   41.2  171.6   95.9   78.2
 1791   81.1   65.5   45.2   14.6  103.8  114.5    2.2   28.2   61.0  149.3  104.2   84.5
 1792   51.7   78.0   13.6   11.0   25.2    1.8    0.5   78.4   63.7   46.1  130.9  101.5
 1793   94.7  118.3  118.8  205.4   75.9    3.8    2.6   66.4   77.4   30.4   70.6   58.3
 1794   91.4    6.2   22.3   14.2   43.1   88.4   41.6   10.5   23.4  136.0   53.4   68.9
 1795   79.9   71.2   89.1   72.0    8.3   39.5   17.4   46.7   10.6  115.4  176.3   56.8
 1796   39.8  126.6   81.2   77.0   34.6    5.9    3.0   32.6   27.7  233.7  215.1  113.5
 1797   28.3   22.0  111.2  228.8   42.7   85.9   37.1    0.0  177.5  108.6  107.8  137.4
 1798   19.9   56.4   87.8  109.5   99.9   32.0   16.1   14.6   66.4   27.4   54.5  109.8
 1799   17.5   20.6  122.4  111.2   55.0   26.5    6.0    0.0   27.6   97.2   55.9  239.2
 1800  159.8  144.9  104.9    7.4   60.0   23.8   43.8   76.1    9.5   15.7  117.2  134.7
 1801   53.0   46.2   21.5   65.7  121.2   21.5    0.0   27.7  122.9  103.3  107.3   60.2
 1802   79.8   45.6  140.6   21.7   27.9   46.2    1.4   16.1   53.4   46.0  125.7  156.3
 1803   77.6   45.5   97.5   27.3   22.8    5.9    3.4   10.7    0.6   33.0   67.1  136.1
 1804  145.2  113.5   68.0   30.9   33.0   16.5   13.9    1.8    2.8  202.6   39.7  225.3
 1805   62.0  104.5   68.1   33.5   27.8    5.0    3.4    7.3   16.7  181.9  146.7  139.2
 1806   86.6   46.2  107.4   80.4   22.0   10.1    7.7    0.0   15.1  230.8  195.1  112.3
 1807  111.2  113.3  185.7    5.9    6.2    3.0   10.7    5.7    3.6  224.1   24.0  109.0
 1808   82.9   55.6   41.5   21.9    5.4    3.2    3.4    1.5   66.1  246.8  156.3  201.2
 1809  203.5  185.8   35.8   55.3   23.2   12.3   10.1    5.0    3.1  217.0  136.0   91.6
 1810  111.1  113.6  181.4    2.9    5.3    1.1    0.9   18.9    0.6  246.6  159.2  156.3
 1811  104.3   19.9   14.9   55.0    6.6   15.6   34.8   43.8   82.3   65.1   28.5   36.2
 1812  121.6   38.5  109.6  130.5   81.3    6.0   46.3    0.0   72.3  102.1  102.7  117.7
 1813  117.2   21.0   43.0   15.1   26.2   78.2   20.1   42.3   97.8  109.6   99.6  183.7
 1814   88.1   14.7  100.4   16.5  102.2    6.2   44.0  106.6   21.2  252.4  168.7   95.2
 1815  226.4   48.0    8.8   68.9  132.8  113.5   76.1   72.7   32.0   36.4   48.3   91.1
 1816  122.2   44.4   35.9   15.3  133.5   12.2   14.3   17.9   25.6  149.0  148.1   61.2
 1817   36.7   17.4   58.6   15.4   39.9   59.4    6.8   27.1   94.6  266.1   53.6  172.7
 1818   64.7   74.6   42.3   13.6  108.0   61.9   66.0   17.5   61.6  282.8   72.1   84.1
 1819   74.0  101.4   76.0   60.0   64.9   53.8   75.6   27.9   53.4   73.6  161.9   65.8
 1820  101.2   62.3   66.0   32.5    8.6    3.1    0.0    0.0   85.5  127.7   89.5  110.3
 1821  105.0   52.4   83.0   61.9   44.3  114.7    5.3    6.1   24.4  105.8   30.1   39.4
 1822  122.6   42.3  105.6  133.9   83.9   41.3    2.7    5.7  104.5  221.1  106.8  133.6
 1823  108.8  133.9  111.1  113.5   16.3    4.5    1.3    2.8  113.5  272.1  180.5   46.6
 1824  131.4   83.9   96.2   57.8    4.5    2.3   38.8   41.2  104.5  239.6  106.3  133.6
 1825   36.9    1.8   42.1   94.8   58.2   88.0   49.6   20.3  128.6  186.6  148.5   89.9
 1826   59.6   36.1   67.1   56.7   97.5   51.6   21.1    9.6   73.2   97.8  346.0   19.0
 1827  110.8   72.7   29.3   25.1   60.2   81.9   24.7   21.7   88.8   90.2   60.3   19.1
 1828   41.4   68.4   66.7   36.5   37.9   39.6    0.0    0.2   18.8   96.2   54.4   13.1
 1829  161.6    5.5   48.1   45.1   50.0   80.2    6.9   23.9  123.8   92.4  104.3  164.1
 1830  131.7   43.5    4.5    0.1   46.4    8.4   10.2   77.4   69.9   40.0   61.1  187.0
 1831   91.9   14.9   25.8  135.2   91.6   18.2   55.8   29.1  104.7   61.0   68.8   42.2
 1832   88.7   56.8   91.3   44.0   33.7  118.2    5.7   30.7    4.1    8.2   98.1   36.6
 1833   12.3   59.8   53.2  121.0   26.2    3.6   43.6   14.7  190.3   60.9   57.2   20.2
 1834   30.2   35.4    0.0    5.4   71.0    2.2   33.9   11.1   19.8   26.2   72.0   12.2
 1835   12.2   18.4   58.0   29.6   77.2   91.0   14.8   93.4   67.2   37.7   52.6   36.3
 1836   10.2  147.8   47.9   87.6   97.0   13.7    6.7   27.9   86.1   70.1   75.9   64.5
 1837   68.8   38.8  116.2   83.7   81.5   12.7   27.2   12.3   70.2   34.0   81.0   38.9
 1838  114.4  126.0   61.9   80.8   51.4   20.3   21.0   28.5   40.8  103.8   74.9   81.5
 1839   62.1   10.5  127.9   47.3   39.2   10.2   23.2   66.7  111.9  110.9   80.8   98.4
 1840   17.2   66.0   51.1   83.5   59.4    2.5    2.7    0.1   40.7   40.2   88.7   67.1
 1841  109.8  105.2   29.5   73.2   19.8   40.6    3.1   13.7   56.6  113.4   64.6   84.5
 1842  111.9   17.5   27.8   66.2  116.1   13.5    9.6   70.6  113.2  178.6   76.3   17.7
 1843   48.6  181.6   58.1   20.2   35.0   15.5    3.1    0.0   39.5   45.7  107.5    0.1
 1844   30.4   97.9   33.1   11.1   92.0   30.7    2.3    2.6   98.3   66.0  175.1  175.3
 1845  104.8   59.5   47.7   96.1   51.1   36.8    3.7   36.6   94.4   58.3  296.1   93.8
 1846   36.8    8.2   43.2   36.0   54.6    1.4    0.1   94.8  164.4  224.7   84.3  217.2
 1847   90.0   80.5   65.3   68.9   20.9   46.2   91.7   61.4    5.9   39.3   63.0  165.4
 1848   55.0   66.2  105.0   59.2   60.9    8.1   24.7    0.1   50.7  113.0   74.6   20.3
 1849   32.3    0.9   17.8  129.4   31.1   69.6   34.4   22.7   38.6   33.8   57.8   63.2
 1850  112.7   31.7   16.5   60.1   57.6  139.0   11.4   25.4   65.9  145.0   37.4   39.1
 1851   15.6   18.7   64.9   29.1   57.2   28.5   13.7   43.5  166.3   40.9  317.9    4.9
 1852   97.8   37.2   38.1   36.7   33.4    1.4   31.3   69.2   65.1   89.0   34.7   20.2
 1853   68.5  173.1  108.6   67.7   27.2  114.2    2.3   44.2   40.7   89.2   87.7  139.0
 1854   60.7   23.5   14.7   26.2   91.6   16.2   12.6    8.6   37.4   51.2  315.8   95.3
 1855   93.3   78.1  133.5   49.7   44.3   82.5    0.0   12.8   82.6  110.3  102.9   58.2
 1856  118.0   56.7   45.7   74.0  114.5   13.3   10.2   12.0   70.0   56.8   59.7  173.7
 1857  125.5   15.6   71.5   87.5   45.8    7.9    7.0   43.6   50.7  216.8   89.2   19.5
 1858   40.5   99.7   71.1   27.0   37.5   55.9    9.0   67.6   52.0  154.3  156.7  110.8
 1859   13.5   47.0   45.0   16.8  126.2   39.5   13.9   53.5   31.0  116.5   81.6  133.3
 1860  168.3   51.3   51.1  156.0   82.9   14.1   19.2    1.1   31.8   26.9  151.4  173.0
 1861   89.1   98.5   54.9   49.7   30.9   41.3   32.1    2.0   98.0  106.0   63.4   10.5
 1862   82.5   76.6   57.0   32.0   43.6   28.3    0.1   64.6  135.6  109.1  223.1   95.5
 1863  117.4    0.0   75.5    9.0  116.5    0.8    0.0   15.1   19.6  338.5  167.7   83.1
 1864   41.4  136.5   98.7    6.9   83.5   27.4    0.3    0.2   76.8  147.7  168.6  142.7
 1865   90.0   59.2  135.6    2.2    4.2   39.2   12.9    4.2   17.5  134.9  146.6   34.3
 1866   44.7   19.8  134.6   73.8   40.3   22.3    0.3    7.5   35.1   84.4   38.9   24.0
 1867  152.6   21.5   75.5   20.7    9.0   18.8   12.6  104.9   46.2  183.1   22.1   71.5
 1868  127.0    6.3   36.6   57.5   63.1   92.5   79.8   33.5   83.5  121.7  126.4   37.1
 1869   13.3   22.1  153.9   57.4    1.3   21.8   12.1   28.8   65.5   81.3   83.1  182.3
 1870   58.2   97.1   23.7   62.0   24.5   67.2   37.0   10.6   14.6   71.8  122.2  227.1
 1871 -999.9 -999.9 -999.9 -999.9 -999.9 -999.9 -999.9 -999.9 -999.9 -999.9 -999.9 -999.9
 1872 -999.9 -999.9 -999.9 -999.9 -999.9 -999.9 -999.9 -999.9 -999.9 -999.9 -999.9 -999.9
 1873 -999.9 -999.9 -999.9 -999.9 -999.9 -999.9 -999.9 -999.9 -999.9 -999.9 -999.9 -999.9
 1874 -999.9 -999.9 -999.9 -999.9 -999.9 -999.9 -999.9 -999.9 -999.9 -999.9 -999.9 -999.9
 1875 -999.9 -999.9 -999.9 -999.9 -999.9 -999.9 -999.9 -999.9 -999.9 -999.9 -999.9 -999.9
 1876 -999.9 -999.9 -999.9 -999.9 -999.9 -999.9 -999.9 -999.9 -999.9 -999.9 -999.9 -999.9
 1877 -999.9 -999.9 -999.9 -999.9 -999.9 -999.9 -999.9 -999.9 -999.9 -999.9 -999.9 -999.9
 1878 -999.9 -999.9 -999.9 -999.9 -999.9 -999.9 -999.9 -999.9 -999.9 -999.9 -999.9 -999.9
 1879 -999.9 -999.9 -999.9 -999.9 -999.9 -999.9 -999.9 -999.9 -999.9 -999.9 -999.9 -999.9
 1880 -999.9 -999.9 -999.9 -999.9 -999.9 -999.9 -999.9 -999.9 -999.9 -999.9 -999.9 -999.9
 1881 -999.9 -999.9 -999.9 -999.9 -999.9 -999.9 -999.9 -999.9 -999.9 -999.9 -999.9 -999.9
 1882 -999.9 -999.9 -999.9 -999.9 -999.9 -999.9 -999.9 -999.9 -999.9 -999.9 -999.9 -999.9
 1883 -999.9 -999.9 -999.9 -999.9 -999.9 -999.9 -999.9 -999.9 -999.9 -999.9 -999.9 -999.9
 1884 -999.9 -999.9 -999.9 -999.9 -999.9 -999.9 -999.9 -999.9 -999.9 -999.9 -999.9 -999.9
 1885 -999.9 -999.9 -999.9 -999.9 -999.9 -999.9 -999.9 -999.9 -999.9 -999.9 -999.9 -999.9
 1886 -999.9 -999.9 -999.9 -999.9 -999.9 -999.9 -999.9 -999.9 -999.9 -999.9 -999.9 -999.9
 1887 -999.9 -999.9 -999.9 -999.9 -999.9 -999.9 -999.9 -999.9 -999.9 -999.9 -999.9 -999.9
 1888 -999.9 -999.9 -999.9 -999.9 -999.9 -999.9 -999.9 -999.9 -999.9 -999.9 -999.9 -999.9
 1889 -999.9 -999.9 -999.9 -999.9 -999.9 -999.9 -999.9 -999.9 -999.9 -999.9 -999.9 -999.9
 1890 -999.9 -999.9 -999.9 -999.9 -999.9 -999.9 -999.9 -999.9 -999.9 -999.9 -999.9 -999.9
 1891 -999.9 -999.9 -999.9 -999.9 -999.9 -999.9 -999.9 -999.9 -999.9 -999.9 -999.9 -999.9
 1892 -999.9 -999.9 -999.9 -999.9 -999.9 -999.9 -999.9 -999.9 -999.9 -999.9 -999.9 -999.9
 1893 -999.9 -999.9 -999.9 -999.9 -999.9 -999.9 -999.9 -999.9 -999.9 -999.9 -999.9 -999.9
 1894 -999.9 -999.9 -999.9 -999.9 -999.9 -999.9 -999.9 -999.9 -999.9 -999.9 -999.9 -999.9
 1895 -999.9 -999.9 -999.9 -999.9 -999.9 -999.9 -999.9 -999.9 -999.9 -999.9 -999.9 -999.9
 1896 -999.9 -999.9 -999.9 -999.9 -999.9 -999.9 -999.9 -999.9 -999.9 -999.9 -999.9 -999.9
 1897 -999.9 -999.9 -999.9 -999.9 -999.9 -999.9 -999.9 -999.9 -999.9 -999.9 -999.9 -999.9
 1898 -999.9 -999.9 -999.9 -999.9 -999.9 -999.9 -999.9 -999.9 -999.9 -999.9 -999.9 -999.9
 1899 -999.9 -999.9 -999.9 -999.9 -999.9 -999.9 -999.9 -999.9 -999.9 -999.9 -999.9 -999.9
 1900 -999.9 -999.9 -999.9 -999.9 -999.9 -999.9 -999.9 -999.9 -999.9 -999.9 -999.9 -999.9
 1901 -999.9 -999.9 -999.9 -999.9 -999.9 -999.9 -999.9 -999.9 -999.9 -999.9 -999.9 -999.9
 1902 -999.9 -999.9 -999.9 -999.9 -999.9 -999.9 -999.9 -999.9 -999.9 -999.9 -999.9 -999.9
 1903 -999.9 -999.9 -999.9 -999.9 -999.9 -999.9 -999.9 -999.9 -999.9 -999.9 -999.9 -999.9
 1904 -999.9 -999.9 -999.9 -999.9 -999.9 -999.9 -999.9 -999.9 -999.9 -999.9 -999.9 -999.9
 1905 -999.9 -999.9 -999.9 -999.9 -999.9 -999.9 -999.9 -999.9 -999.9 -999.9 -999.9 -999.9
 1906 -999.9 -999.9 -999.9 -999.9 -999.9 -999.9 -999.9 -999.9 -999.9 -999.9 -999.9 -999.9
 1907 -999.9 -999.9 -999.9 -999.9 -999.9 -999.9 -999.9 -999.9 -999.9 -999.9 -999.9 -999.9
 1908 -999.9 -999.9 -999.9 -999.9 -999.9 -999.9 -999.9 -999.9 -999.9 -999.9 -999.9 -999.9
 1909 -999.9 -999.9 -999.9 -999.9 -999.9 -999.9 -999.9 -999.9 -999.9 -999.9 -999.9 -999.9
 1910 -999.9 -999.9 -999.9 -999.9 -999.9 -999.9 -999.9 -999.9 -999.9 -999.9 -999.9 -999.9
 1911 -999.9 -999.9 -999.9 -999.9 -999.9 -999.9 -999.9 -999.9 -999.9 -999.9 -999.9 -999.9
 1912 -999.9 -999.9 -999.9 -999.9 -999.9 -999.9 -999.9 -999.9 -999.9 -999.9 -999.9 -999.9
 1913 -999.9 -999.9 -999.9 -999.9 -999.9 -999.9 -999.9 -999.9 -999.9 -999.9 -999.9 -999.9
 1914 -999.9 -999.9 -999.9 -999.9 -999.9 -999.9 -999.9 -999.9 -999.9 -999.9 -999.9 -999.9
 1915 -999.9 -999.9 -999.9 -999.9 -999.9 -999.9 -999.9 -999.9 -999.9 -999.9 -999.9 -999.9
 1916 -999.9 -999.9 -999.9 -999.9 -999.9 -999.9 -999.9 -999.9 -999.9 -999.9 -999.9 -999.9
 1917 -999.9 -999.9 -999.9 -999.9 -999.9 -999.9 -999.9 -999.9 -999.9 -999.9 -999.9 -999.9
 1918 -999.9 -999.9 -999.9 -999.9 -999.9 -999.9 -999.9 -999.9 -999.9 -999.9 -999.9 -999.9
 1919 -999.9 -999.9 -999.9 -999.9 -999.9 -999.9 -999.9 -999.9 -999.9 -999.9 -999.9 -999.9
 1920 -999.9 -999.9 -999.9 -999.9 -999.9 -999.9 -999.9 -999.9 -999.9 -999.9 -999.9 -999.9
 1921 -999.9 -999.9 -999.9 -999.9 -999.9 -999.9 -999.9 -999.9 -999.9 -999.9 -999.9 -999.9
 1922 -999.9 -999.9 -999.9 -999.9 -999.9 -999.9 -999.9 -999.9 -999.9 -999.9 -999.9 -999.9
 1923 -999.9 -999.9 -999.9 -999.9 -999.9 -999.9 -999.9 -999.9 -999.9 -999.9 -999.9 -999.9
 1924 -999.9 -999.9 -999.9 -999.9 -999.9 -999.9 -999.9 -999.9 -999.9 -999.9 -999.9 -999.9
 1925 -999.9 -999.9 -999.9 -999.9 -999.9 -999.9 -999.9 -999.9 -999.9 -999.9 -999.9 -999.9
 1926 -999.9 -999.9 -999.9 -999.9 -999.9 -999.9 -999.9 -999.9 -999.9 -999.9 -999.9 -999.9
 1927 -999.9 -999.9 -999.9 -999.9 -999.9 -999.9 -999.9 -999.9 -999.9 -999.9 -999.9 -999.9
 1928 -999.9 -999.9 -999.9 -999.9 -999.9 -999.9 -999.9 -999.9 -999.9 -999.9 -999.9 -999.9
 1929 -999.9 -999.9 -999.9 -999.9 -999.9 -999.9 -999.9 -999.9 -999.9 -999.9 -999.9 -999.9
 1930 -999.9 -999.9 -999.9 -999.9 -999.9 -999.9 -999.9 -999.9 -999.9 -999.9 -999.9 -999.9
 1931 -999.9 -999.9 -999.9 -999.9 -999.9 -999.9 -999.9 -999.9 -999.9 -999.9 -999.9 -999.9
 1932 -999.9 -999.9 -999.9 -999.9 -999.9 -999.9 -999.9 -999.9 -999.9 -999.9 -999.9 -999.9
 1933 -999.9 -999.9 -999.9 -999.9 -999.9 -999.9 -999.9 -999.9 -999.9 -999.9 -999.9 -999.9
 1934 -999.9 -999.9 -999.9 -999.9 -999.9 -999.9 -999.9 -999.9 -999.9 -999.9 -999.9 -999.9
 1935 -999.9 -999.9 -999.9 -999.9 -999.9 -999.9 -999.9 -999.9 -999.9 -999.9 -999.9 -999.9
 1936 -999.9 -999.9 -999.9 -999.9 -999.9 -999.9 -999.9 -999.9 -999.9 -999.9 -999.9 -999.9
 1937 -999.9 -999.9 -999.9 -999.9 -999.9 -999.9 -999.9 -999.9 -999.9 -999.9 -999.9 -999.9
 1938 -999.9 -999.9 -999.9 -999.9 -999.9 -999.9 -999.9 -999.9 -999.9 -999.9 -999.9 -999.9
 1939 -999.9 -999.9 -999.9 -999.9 -999.9 -999.9 -999.9 -999.9 -999.9 -999.9 -999.9 -999.9
 1940 -999.9 -999.9 -999.9 -999.9 -999.9 -999.9 -999.9 -999.9 -999.9 -999.9 -999.9 -999.9
 1941 -999.9 -999.9 -999.9 -999.9 -999.9 -999.9 -999.9 -999.9 -999.9 -999.9 -999.9 -999.9
 1942 -999.9 -999.9 -999.9 -999.9 -999.9 -999.9 -999.9 -999.9 -999.9 -999.9 -999.9 -999.9
 1943 -999.9 -999.9 -999.9 -999.9 -999.9 -999.9 -999.9 -999.9 -999.9 -999.9 -999.9 -999.9
 1944 -999.9 -999.9 -999.9 -999.9 -999.9 -999.9 -999.9 -999.9 -999.9 -999.9 -999.9 -999.9
 1945 -999.9 -999.9 -999.9 -999.9 -999.9 -999.9 -999.9 -999.9 -999.9 -999.9 -999.9 -999.9
 1946 -999.9 -999.9 -999.9 -999.9 -999.9 -999.9 -999.9 -999.9 -999.9 -999.9 -999.9 -999.9
 1947 -999.9 -999.9 -999.9 -999.9 -999.9 -999.9 -999.9 -999.9 -999.9 -999.9 -999.9 -999.9
 1948 -999.9 -999.9 -999.9 -999.9 -999.9 -999.9 -999.9 -999.9 -999.9 -999.9 -999.9 -999.9
 1949 -999.9 -999.9 -999.9 -999.9 -999.9 -999.9 -999.9 -999.9 -999.9 -999.9 -999.9 -999.9
 1950 -999.9 -999.9 -999.9 -999.9 -999.9 -999.9 -999.9 -999.9 -999.9 -999.9 -999.9 -999.9
 1951   87.1   26.9   41.5   29.4   40.7    8.7 -999.9   15.9  211.2   70.5   65.0   64.7
 1952   56.1   33.0    7.9    6.1   31.7   27.4   51.5    7.1   62.6   30.6   18.1   38.6
 1953   58.1   46.2    0.7   36.8   54.8   63.1   12.7   45.8   49.6   98.2   23.5   49.4
 1954   59.9  104.1   23.7   69.8   36.8   25.1   11.4   15.1    3.4   16.7   49.6   16.9
 1955   26.8   53.7  115.1   17.8    4.4   37.8   32.6   37.4   58.4   64.3   91.9   66.2
 1956   35.0   68.8   55.1   96.3   37.6   65.1    3.1    0.1   22.6   50.1  240.9   50.8
 1957   96.8   42.7   29.8   56.1   89.4   25.7   21.9   20.8   33.3   45.8   91.6   88.8
 1958   87.6   25.1   90.6  125.9   48.1   43.6   54.8   10.2   26.6   89.3  187.7   86.0
 1959   42.0    6.3   39.6   58.3   58.3   16.7    4.1    9.3   98.1   66.7   83.1  148.1
 1960   77.4   75.9  106.4   63.7   87.5    8.7    6.2    0.1  103.0  126.6   88.2  178.0
 1961   93.5    4.6   18.9   56.0   22.6   53.7    6.6    0.1    8.1  222.2  153.5   38.0
 1962   40.5   35.7  141.2   29.8   44.3   10.3   30.4    0.3  100.0   88.4  201.4  152.5
 1963  144.5  155.9   52.2   70.0   54.2   37.3   71.2   15.7  111.5   78.2   67.2  142.2
 1964    3.4   22.1  127.6   46.0   39.6   75.7    8.2   64.7    8.1  217.9   78.7  258.9
 1965   65.1   62.6   51.7   63.3   45.3    8.5    0.4   36.6  163.7    6.3   79.2   35.1
 1966 -999.9   87.2   19.5   39.6   36.2   10.4   23.0   30.3   18.5  204.2  187.2   98.4
 1967   48.5   57.9   21.4   37.5   24.3   18.7    2.4   31.2   27.0    3.0  139.1  107.4
 1968   33.0   81.0   38.5   31.3   38.4  104.4    2.9   33.6   28.8   20.1   78.0   95.5
 1969   55.5  121.3  122.6   41.3   28.6   35.2    5.7   12.7  105.9    9.8  111.2   84.7
 1970   80.7   58.2   93.1   32.5   56.2   18.6    5.7   11.0   10.0   14.6   72.8  113.5
 1971  164.2   55.6   79.3   29.0   69.8   11.1   19.1    2.8   73.7   11.0  147.4   46.2
 1972  153.4  125.7   42.8  126.9   60.4   28.4   43.3   53.5  112.8   44.8   20.0   36.3
 1973   93.8  107.5   23.9   49.0    1.3   17.5   12.2  102.5   41.5   53.0   23.0   29.3
 1974   53.2   63.0   68.2  209.6   80.1    3.3   22.4    3.0  137.8  101.5   75.5   27.1
 1975    8.6   21.9  126.0   34.1   71.0   22.7    0.5   84.0  103.7  130.7  198.1   97.0
 1976   20.2  143.0   57.6   59.3   53.9  127.0  109.5   35.0   83.7  146.0  176.1  155.9
 1977   66.6   56.7   32.5   18.6   34.9   39.3    1.3  111.2  115.0   30.3   67.4   67.2
 1978  169.6   96.1   70.8  179.8   91.8   23.4    0.1   21.7   73.3   72.9   57.6   59.5
 1979   85.2   75.6   80.0   88.2   19.7   29.6   12.9   45.8  145.7  216.0  123.4  118.6
 1980  118.6   12.5   94.3   15.6  133.6   20.1    0.5   40.3    3.8  132.7  204.5   73.6
 1981   96.5   79.4   25.9   62.1   56.3   58.5   44.0    9.1   99.7   90.3    6.9  128.4
 1982    9.2   17.3   89.1   31.0   53.4    5.5   57.4  130.1  135.2  156.4  145.3  110.0
 1983    8.5  146.4   55.9   46.7   14.6   84.0   25.7   86.3   29.4   60.7   63.6   87.3
 1984  112.8  166.5   68.0   57.0  107.3   31.5    0.0   53.7   87.8   94.0  189.2   55.3
 1985  209.8   21.4  138.4   19.3   46.8    2.1    0.0 -999.9   20.7   86.9  244.0 -999.9
 1986 -999.9  197.9   57.7   90.2    1.7   60.0   43.3    8.5   64.8   51.6  101.5   48.4
 1987  130.8  142.0   38.7   20.1   40.8   32.9    1.9   10.4    9.3  141.0  135.8   78.2
 1988   59.9   44.6   66.3   73.2   66.2   54.5    0.0   14.1   11.4   76.4   43.2   61.7
 1989   20.4   27.4   39.4  148.0   52.1   33.9   74.2    1.2  133.7   23.6   90.6   96.5
 1990   69.1   14.4   73.8  146.2   25.4    8.4   11.9   57.2   66.5  196.6   97.4  198.9
 1991    3.3   52.8   36.1  140.5   88.2   18.8 -999.9 -999.9 -999.9 -999.9 -999.9 -999.9
